50 50
  55  47  62  36  51  95  91  63  71  14  60   1  24  13  80  15  40  12  10  99  21  51  83  61  29  63  52  49  97  29  77  52  76  40  89  28  35  80  91   6  94  52   8  19  66  89  34   6   2  45
   6  23  97  90  85  26  53  37  76  51  66  53   3  43  93  93  72  28  73  63  35  68  16  44  88  82  33  22  89  35  68  95  58  65  85  43  92  39  81  68  91  48  21  95  92  14  88  64  43  61
  28  78  30  44  22  18  27  55  41  16  90  10  12  49  76  98  93  68  38  74  36  29  23  58  24  15  73  12  79  16  74   7  95   5  52  17  24  79  73  65  96  63  75   9  13  52   7   6  20  46
  81  57  75   5  15  99  20  88  12  99   5  87   7   0  92  59  18  16  39  91  81  35  55  57  45  68   9  53  75  30  99  57  87  74  62   3  74  83  92  87  83  97  74  90  98  66  49  16  83  88
   7  64  24  62  22  70  31  32  23   7  63  22  65  51  97  28  54  71  11  47  59  94  45  33  84  43   0  34  59  83  23  67  48  48  30  71  18  62   4  41  69  67  63  34  18  60  62  73  32  74
  20  92  68  65  25  53   8  26  87  68   9  11  36  57  59  66  28  77  28  32  18  98   0  82  33  18  43  95  91  76  69  12  68  38  77  94  91  86  20  79  54  29  90  90  87  49  57  16  27  86
  49  46  84  49  29  18  68  72  13  60  49  83  72  17  22  49  12  13  36  32  93  90  62  83  81  49  33  39  65  60  25  15   7  10  64  36  28  33   9  42  93  58  26  65  76  48  15  88  62  51
  20  55  42  82  39  24  32  72  63  98  33  89  13  41   0  78  77  29  11  86  72   4  44  98  70  21  47  86   9   9  38  30  65  80  13   5   5  45  78  69  44  11  58  57  52  59  36  30  88  47
  16  60  52  61  59  23  82   7   9  92  16  48  22  82  29  35  87  34  81  65   3  25  77  62  83  30  22  19  61  10  67  78  71  20  40  31  43  23  38  53  15  55   1  38  38  30  73  26  64  55
  91  68  80  69  31  64   0  53  84  61  64  51  40  36  71  80  67  15   3   6  68  18  61  70  56   0   0  30  26  65  85  18  34  66  87  65  31  88  18  15  50  82  67  90  19  39  70  86  54  73
  93  23  92  55  93  49  55  93  79  81  59  65  99  93  32  87  58  63  75  77  79  26  60  47  16  79  86  87  66  41  61  59  64  53  14  57   3  70  51  83  51  11  48  51   4  81  38  63  45  14
  41  24  40   1  71  57  81  58  44  47  99   5   7  64  59  22  21  63  92  73  46  43  85  95  94  89  76  33  53  21  47  94  46  88  96  18  45  78  76  90  25  76  96  33  40  56  55  62  19  47
  36  65  91  21  60  86  10  37  19  64  59  67  59   5  56  56  24   1  34   0  92  60  77  88  93  17  44  48  79  63  96  15  29  88  36  89  74  47  27  94  12  86  62  71  92  18  28  16  20  62
  17  12  22  94   1  16  11  46  64  91  10  61   7  39  49  43  29  24  91  56  19   3  43  81  75  35  99   3  52  20  66  69  32  88  64  34   5  76  80  69  68  90  31  75  29  80  18  59   5  10
  15  24  13  58   5  88  94   5  92  46  25  58  16  58  47  81  92  52  58  72  22  26  63  53   1  93  34  20  52  40  30  67  64  44  26  70  33  21  75  25  68   1  84  85  60  32  66  52  84  25
  25   7  51  88  61  53  82  95  73  34  35   4   2   0  48  29  70  82  50  46   7  19  48  92   4   8  24  71  61   9  96  86  16  47  75  77   0  57  73  74  92   9  78  94  10  27  23  80   9  74
  27  17  93  76   9  98  84  34  69  45  43  65  32  60  12   8  37  13  65  11  88  58  21  66  52  31  94  76  12   3  51  39  21  45  16  30  43   0  64  12  46   8  78  78  68  91  86   6   4  52
  17  92  10  38  59  63  70  53  40  82  57  92  22  78  37  38   9  80  38  74  93  84  83  71  63  51  62  50  57  67   2  75  59  13  14  19  77  84  73  18  66  31  10  88  10  47  27  19  28  65
  94  22  50  77  93  14  29  56  64  87  23  67  62  83  81  77   2  59  61  76  77  28   7  88  17  17  35  44  37  64  10  32  86  60  10  80  74  39  36  39  27  59   6  90  43  88  67  46  47  29
  22  24  57  30  12  74  48  48  19  85  13  29  18   0  90  28  80  65  68  17   4  95  77  11  86  20  99  53  66  46  82  89  71  40  19  83  15  67  32  34  53  45  64  71  46  54   0  26  19  69
  44  23  65  21  34  51  42  34   5   9  80  87  98  52  28  18  35  43  85  68  78  38  14  42  10  60  96  10  86  15  80  31  39  45  53  74  97  95   8   2   5  89  89   3  41  18  21  77  62   7
  46  40  45  60  83  56  20  80  67   7  96  47  38  35  93  91  10  90  87  19  92  92   8  82  96  50   0  18  28  62  26  74   3  72  35  87  28  55  67  95  62  63  43   0  99  36  92   9  26  80
  29  18  72  38   0  69  88   1  88  17  63  14  92  67  87  27  54  15  82  22  11  45  86  54  46  85  90  38  95  17  18  24  36  91  62  36  61  51  37  50  69   1  65  61  69  52  89  24  67  72
  46  78  17  32  33  63  18  24   2  13  41  21  38  77  12   1  14  74  53  52  24  22  54  89  84  23  41  73  47   9  46  94  88  64  26  21  27  44  45  30  58  87  51  97  65  64  98  79  38  51
  32  63  74  86  53  58   9  95  32  57   4  78  51  92  42  78  13  70  23  59   0  81  47  52  79  12  16  77  92  55  29  24  19   3  11  72  61  21  67  93  78  72  72  30  64  15   9  78  85  32
  38  86  14  85  39  93  98  55  70  90  11   0  15  30   3  26   3  64  47  71  58  26  43  31  57   8  46  66  86  32  98  24  19  12  10  58   6   8  14  76  98  25  76  14  56  80  41  59  44  89
  31   3  15  74  34  73  82  81  39  69  14  37  93  34  50   4  92  56  12   6  33  11  32  10  25  88  90  66  48  35  55  80  39  71  54  74  44  37  55  84   6  70  22   0   4  72   4  96  29  16
   3  63  28  36  73  53  24  64  20  73   0  76  53  39  48   8  13  92  45  69  76  52  39  98  53  43  71  57  40   1  74  44  64   3  80  38  56   5   3  77  79   3  53  32  42   2  41  56  94  87
  25  71  39  65  70  93   8  42  51  49  43  26  94   8  29  74  47  86  80  50  63  59  54  17  92  97  19  34  53  14  21  79  86  61  44  56  54  53  99   5   3  43  32  97  51  61  72  99  47  52
  50  10  12   4  28   5   2  47  39  55  62  60  35  48  21  79   5  76  32   4  82  35  48  14  32  99  75   5  99  22  57  49  33  70  54  62  75  56  10  14  11  72  74  47  21  96  26  26  72  59
  31  54  94  79  69  27  79  44  32  78  67  90  27   1  60  81  63  36  38  74  50  50  46  25  97  67  21  23  94  94  82  25  48  77   5  17   4  84  62  37  63  30  28  90  31  89  72  95  25  10
  69  75  60  16   1  58  84  22  81  78  16  64   4  65  41   9  83  46  94  46  83  57  76  12  48   8   1  21   3  26  32  73   2  93  90   4  51  74  26  32  53  43  96  57   9  38  67  92  84  62
  38  68  19  14  80  68  23  82  89  26   9  21   0  11  14  90  16  65  64  42  98  18  86  95  75  95  33  43  88  17   6  26  86  25  41  66  93  64  48  82  91  57   4  91  69  19  82  85  84  47
  28  83  65  15  78  41  10  11  84  98  29  90  25  15  16  67  82  10  31  31  93  23  89  97  15  59  16  97  45   1  44  74  84   9  89  63  50  99  74  35  98   4  26  23  20  42  90   3  52  22
  34  46  45  24  43  61  83  60  58  29  61   3   3  46  13  93   9  64  92  84  99  90  88  25  14   8  68   4  12  21  27  46  67  72  71  11  33  55  71  92  84  33  96  88  79   9  81  88  73  74
  72  73  65  61  99  79  70  67  84  82  89  11  29  57  84   0  68  18  55  40  11  40  73   7  28  52  17  10  41  90  84  14  63  49  75  62  29  46  30  13  28  19  25  57  77  10  57  46  28  13
  86  39  53  59  47  81  12  64  91  54  55  76  69  18  25  44  81  55  91  12  68  19  32  94  77   9   4  35  55  33  48  41  72   1   1  20  83  14  84  75  69  40  51  38  59  77  83  40  32  74
  52   1  93  84  95  71  94   0   6  49  33  54  91   6  56  93  26  40   7  11  16  77  51  67  15  10  45  98  51  78  73   4  79  67  88  75  38  83  76  44  32   9  99  23  15  56  16  42  97  24
  54  13   1   6  81  17  17  26  16  68   5  89  72  84  56  61  60  95  44  36  40  77  46  39   0  62  96  17   4  93  42  59   6  44  65  87  62  82  14  78  50  19  67  23   4  24  84  65  19  29
   2  59   6  48  99   7  11  95  25  15  89  68  74  96  12  40  84  74  22  98  52  73  18  20  96  23  45  81  89  64  10  92  24  17  40  23  24  51  19  50  67   8  18  42   4  30  82  88   5   5
  87  58  78   6  78  74  30  23  56  19  88  67  11  12  84  52  35   9   4  55  59  72  63  77  15  68   8  98  57  13   3  44  71  81  51  50  56  81  74  13   1  62  80  13  75  65  66  10  74  71
  66  33  44  29  11  59  98  19  57  55  33  60   0   4  42  52  55  98  34  29  11  36  92  92  49  67  57  16  78  31  88  44  65  32  74  77  92  72  96  49  28  30  10  28  35  52  81  90  51  15
  20  63  51  12  55   1  80  12  17  58  44   6   2  10  38  77  87  30  49  84  80  78  14  90   6  49  43  88  39  94   3  59  58  54  72  13  55  52  26  73  11  71  79  13  81  18  91  68  49  40
  52  29  18  67  20  25  16  63  14  55  58  17  15  16  71  88  29  27  40  56   1  51  28  81  65   9   0  56  78  49  97  31  79  16  98  99  42  14  62  56  70  20  73  86  37  45  74  66  73  15
  23  75  66  51  56  32  61  56  89  40   6  86  71  85   3  70  85  45  85  48   2  56  69  75  42   6  21  16  73  94  32  96  69  99  48  26  31  10  83  21  50  89   7  22  75  11  92  60  56  78
   8  59  34  78  34  77  84  56  93  57  51  26  54  21  25   3  47  56  13  30  78  63  20  85  85  95  97  78  56  54  57  65  13  91  43  48  68  27   4  62  85  55  88  39  77  14  42  24  71  56
  55  49  20  76  35   5  72  32  84  28  86  41  94  99  33  37  47   2  65  52  65  50   8  54  90  85  68  33  10  39  89  66  88   9  42  23  15  14  55   0  43  42  41  37  42  75  75  89  78  40
  41  43  90  50  97  80  35  65  13  45   5   3  11  93  12  53  17  28  68  73  28  12  15  69  50  57  45  25  47  23  66  89  66  56  39  64  37  74  30  51  20  35  54  31  29  67  85  47  95  54
  20  23  66  36  93  17  94  39  42  42  62   8  31  29  65  71  94   3  46  24  55  66  60  10  97  90  77  82  37  73  36  58  96   3  95  90  20  89  29  63  32  92  72  63  22  38  35  16  41  81
  41  97  47   2   7  45  92  85  28  30  58  65  89  55  69  84  46  89  74  75  53   6  68  25  70  90  63   5   7   5  87  48   2  34  51  10  80  43  95   8  74  53  74  63   9  43  48  55  32  22
