50 50
  31  85  29  99  11  99  90  75   5  97  80  92  46  83  27  97  93   7  41  89  16  16  42  91  80  52  34  28   7  67  50  38  53  80  38  64  79  28  39  84  26  20  77  73   3   4  71  97  12  13
  86  29  29  29  20   9  81  54  37  89  21  88  28  74  68  66  39  48  95  79  33  21  99  10  94   3  14  66   0  27  79  87  56   8  16  76  18  98  30  55  88  52  44  16  27  13  82  66  61  77
  45  94  99  45   4  94  48  19  60  48  46  39  36   2  48  53  79  66  51   9  22  40  62  67  56  89  80  39  56  42  17   2  36  17  47  41  11  96  61  71  45   7  11  81  10  59  34  89  26  86
  99  48  26  62  15  83  52  96  23   8  38  40  11  74  57  59  16  69  55  77  40   0  85  52  82  96  11  16  85  38   2  85  86  29  47   2  13  99  98  36   8  36  76  20  11  34  79  27   3  35
   5  44  36  90  96  18  86   8  35  72  46  38  58  33  67   6  35  81   6  33  17  15  70  93  35  81  28  15   9  31  50  14  75  87   5  72   5  92  81  41  65  28  79  23  61  47  29  96  28  36
  30  45  51   1  39  86  82  67   1  92  99  52   6  75  40  12  47  46   4  29  87  69  57  66  93  18  14  23  15  42  59  46  88  10  47  27  97  29  95  99  22  94  52  29  69  92  41  17  38  46
  46  25  16   3  92   9  22   6  33  37  49  92  83  37   3  30  65   0  60  60   0  83  54  52  12  24  45  53  41  83   0  88   9  16  91   2  26  13   8  60  51  58  52  35  96  56  66  61  57  27
  22  57  10  77  10  22   1  55  76  43  38  76  31  48  93  23  50  20  36  59  80  88  17  33  23  13  89  89  75  46  16  97   4  27  74  14  49  76  69  26  19   8   3  50  56  97  73   6  17  10
  65  98  99  83  32  22  96  22  12  72  68  29  69  73  56  44  87   5  20  57  32  39  65  35  89  22  32  63  28  49  74  94  48  73  77  80  96  74   2   8  46  71  37  15  45  94  59  32   0  79
  90  32  19  55  67   8  77  99  72   6  49  47   0  98  20  78  78  17  52  81  25  98  53  63  14  98  57  73  31  57  53  21  89  72  77  57  81  54  56  54  61   5   1  62   3  22  40  82  39  92
  64  64  91  18  28   5  17  86  78  48  44  32  70  34   5  47  91  86   2  47  40  63  53  42  26  57  64  66  40   3  58   5  68  49  24  97  55  41  83  33  90  27  66  60  61  71   7  53  58  10
   1  98  73  55  41  99  12   5  66  53   8  25  58  77  75  83  74  30  24  58  64  14  85  30  75  47   2  82   1  60  93   2  59  67  57   0  67  70   5  33  24  14  58  82  91  33  65  66  64  90
  24  28   5  10  59  80  57  61  63  59  21  56  61  80  23  19  80  90  89  86  23  13   0  82  96  92  16  62  58  80  53  82   8  58  93  67  38  51  29   1  10  50  58  71  30  81  91  11  72  81
  97  96  95  97  78  91  90  95  54  48  75   8  31  84  66  24  52   5  75  81   7  85  31  65  57  62  46  49  74  19  30  71  15  25  69  93  17  59  89  72   8  64  80  40  48  46  64   1  52  40
  82  59  26  13  24  84  76  71  33  50  90  63  22   5  88  92  99   6  52  89  78  60  53  58   1   2   5  65   3  57   6  85  17  32  99  41  16  76  13  50  27   3  13  50   9   2  42   9   8  94
  98  86  55  52  45  56  54  50  22  58   8  29  44  25  61  44  67  78  21  80  28  48  84  42  98  94  44  41   3  53  35   2  39  91  55  85  48   9  36  71  68  44   0  13  70  61  57  38  40  78
  18  69  27   3  11  25  97  56  66   1   9   2   4  49  94  59  34  43  69  70  14  37  15  14  50  85  76   8  23  16  86  42  85  14  45  97  39  42  53   6  44  63   9  48  12   4   7  46  47  76
  16  61  13  31  75  64  17  52  72  40  68  59  83  54  73  28  52  13  71   5  20  16  68  30  64  81  34  71  27  82  48  44  43  62  76  19  26  93  71  99  34  40  58  17  95  32  46  47  46  18
  53  67  34  22  97  98   3  32  70  30  14  18  75  58  80  51  77   6  44  49   6  78  90  65  96  85  97  42  32  44  61  85  11  95   7   8  93  10  40  64  41  55  82  16  13  62  67  91  69  12
  41  75  90  31  41  87  16  38  29  48  83  90  33  94  86  41   3  79  52  44  44  93  99  26   9  13  89  77   4  58  89  45  34  80  76  75  67  93  14  97  41  98  88  75  92  74  16  96  54  68
  40  98  62  40  25  72  53  14  49  58  73  39   4   8  20  81  84  87  74  98  85  16  97  74  91  89  48   8  86   3  77  26   2  39  66  27  12  20  42  62  79  15   1  83  23  22  64   8   9  39
   6  95  55   3  69  46  93  18  55  79  22  32   6  24  72  73  52  85  94  95  47  73  10  49  56  34  71  21  42  81  60  49  76  15  53  46  62  47  64  18  27  86  51  34  11  24   7  64   9   1
  59  56  75  70   5  31   5  76  53  48  57  14  97  34  29  51  80  92  99  45  10  26  32  61  60  43  86  68   8  95  70  67  51  45  37  57  77  43  33  31  91  91  45  88  26  74  40   7  67  39
  52  78  66  84  40  27  28  26  95  36  21  66   4  72  12  42  30  89  85  64  20  76  56  65  65  82  40   5  89   8  45  42  86  11  26  26  39  55  53  34  91  74   1  96  47  13  38  77   3  23
  41  23  99  97  89  65  80  30  70  69  39  16  11  25  28  38  52  67  94   5   2  86  80   3  82  27  16  20   5  19  44  46  43  43  44  33   9  24  64  79  94   3  96   6  28  24  45  81  91  39
  87  93  25  67  97   7  94  14  28  99  34  72  46  78  16  91  11  25  16  75   5  10  79   1  17   7  25  63  89  17   2  76  11  28  43   8  35  38  23  64  38  57  36  85  35  53  76  47  78  93
  22  83   4   1  85  21   9  10  84  99  28  87  75  39  15  19  48  51  58  71  15  96  29  52  82  64   5  58  11  84  51  34  67  56  36  53  77  45  63  62  45  92  49  20  31  65  40  80  16  98
  51  32  95  80  85  77  45  90  36  56  75  88  90  43  44  27  96  21  72  60  84  17  52  33  38  84  98  78  64  15  77  16  48  72  96  33  49  42  24  85  98  99  73  89  42  17  16  38  39  89
  99  23   7  51  57  45  35  56  24   0  71   2  16  19  74  13  53  24  55  77   9  54  77  83  43  19   1  60  58  40  50  57  63  57   9  20   3  45  76  28  45  48  30  62  68   5  75  21  29  30
  99  39  84  76  23  28  96  24  89  55  64  39  13  28  96  22  49   0  68  26  28  13  75  59  76  43  64  51  65  94  82  64  33  67  41  56  96  38  80  85  93  45  24   6  74  21  29  23  21  97
  50  50  11  25   9  87  68  74  39  34  68  21  98   1  89  40  58  85  78  39  70  72  84  95  79  58  17   9  82  39   7  32  89  19  58  99   6  26  73  46  60  41  68  59  43  57   0   1  42  79
  40  13  51  25   9  31  84  26  40  66  65  47  99  55  66  57  55  73  84  28  19  45  70  87   5  13  44   5  14  87  84  55   0  36  80  10  67  65  36   7  31   2  55  31  58  22  89  13  95  74
  42  15  19  13   2  25  26  47  30  41  35  15  97  36  52  78  46  19  43  83  27  75  86  82   6  44   4  96  58   0  70   1  15  90  14  18  15  41  66  46  82   1  62  79  38  14  57  84  33   1
  68  61  76  54  44  82  99  48  79  58  49  49  59  64  40  73  83  56  15  49   2  97  51  64  77  89  78  35  74  12  36  42  74  12  97  18  95  96  66  75  54  16  25  13  80  65  87  64  21   2
  13  24   0  64  89  78  54  67  14  28  80  51  71  54  64  68  72  60  64  39  35  18  55  60  32  36  26  20   0  47  23  14  72  24  79  61   3  33  29  17  61   9  68  32  64  33   1  37  93  65
  77  28  84  33  89  17  69  15  38  70  63  61  85  35  86  64  96  89  97  25   7  59  35  76  92   0   9  93  37   2  59  14  31  44  47  20  61  17  36   0  88  99  62  73  34  48  38  31  38  36
  57  45  95  92  22  88  93  31  82  30  34  41  45  66  86  93  87  48  10  23  48  99  22  10  73  57  58  12  88  97  48  45  43  44  38  65  32  31  97  15  62  32  57   7  98  43   0  85  91  11
   9  39  11  32  49  85  89   8  97  78   5  45  24  48  89  62  14  22  94  11  37  56  43  94  64  42  38  65  28  29  77  37  69  88  69  18  73  59  27  70  37  33  16  61  82   5  24  96  27  19
   8  65  76  52  60  40  94  98   5  22  27  82  60  96  71  30  15  44  89  43  15  27  76  31  89  59  37  13  55  65  33  64  30   9  16  90  49  10  89  55  33  16  38  94  13   9  25  29  54  15
  72  70  42  49   2  31   8  39  45  64   4  78  28  35  87  44  26  37  55  15  93  89  32  31  83  45  41   8  75  96  24  47  66  66  96  68  98   4   8  44  68  12  23  96  48  10  41  75  48  96
  90  41  86  23  73  70  69  14  79  44  10   3  91  77  69  88  46  68  92  54  12  61  67  35  58  15  46   0  90  95  97  81  36  83   5  10  53  74  24  32  18  35  35  10  13   5  99  59  73  91
  13  85  53  80  21  11  96  67  11  87  62   8  69  99  92  74   9  45  48  34  77  67  70  13  78  83  18  77  43  91  69  57  77  23  37  98  35  34  65  46  22  28  55  91  28  48  65  38  93  14
  72  71  82  43  84  61  27   3  39  70  94   8  27  71  31  65  70  66  99  36  13  22  64  69  13  93  18  79  31  11  94   3  83  76  47  68  38  74  71  77  44  66  86  71  38  18  37   8  85  37
  44  99  59   9  69  72   2  87  51  33  99  45  37  82  22  84  51  61  58  22  38   3  88  25  75  27  43  12  35  29  49  79  28   9  89  97  81  91  85  33  25  84  79  62  67   2  47  18  63   6
  41   2  10  30  27  85  57  71  98  92   0  48  72  29  57  61  27  39  53  12  72  78  97  52  41  64  55  89  83  18  95  24  21   5  54  49  91  12  20  89   5  21  37  77  51  95  39  78  34  92
  91   7  71  88  60  12  52  15   2  36  34  97  60  55   3  15   5  94  28  25  84  33  47  22  10  98  17  49  77  51  42  68  59  14  56  19  26   9  34  29  45  69  26   6  24  30  22  29  25  50
  55   9  83   3  31  94   2  49  44  79   1  86  48  60   0   4  80  27  14  14  56  60  83  83  67   8  14  89  38  39  39  94  49  23  97  80  17   0  29  61  80  30  48  28  91  49  33  71  77  47
  86  33   7  70  17  75  79  32  64  17  71   4  11  20  27   9   1  45  10  31   6  90  62  55  18  53   4  51  24  81  99  11  15   7  81  33  82  60  65  46  78  36  50  90  57  78   0  58  23  10
  89  30   0  51  85  19   5  89  70  30  71  69  41  87  76  23  20  59  83  85   5  62  22  56  52  79  34  52  38  58  62  28  88  63  79  74  82  84  64  53  14  35  23  56  22   0  79  43  59  63
  29  64  25  51  21  77  31  56  30  69  14  92  97   3  56  77  77  39  62  41  92  77  77  15  33   0  16  13  43  75  76  72  40   1  24  61  79  55  17   9  25  32   2  23  35  58   1  12  97  63
