10 10
 985738246 63616 985730565 52189 27211 29985 21648 29387 825857055 941666471
 857766279 891323290 891317705 874535906 908093516 538993456 891308905 924862448 857762133 538991682
 539019519 539007178 539011690 539003130 539007587 539005160 539005703 539009276 539013100 537574575
 540267122 540517843 540323159 540054583 540579729 540447588 540642792 540449722 540260024 171486336
 27140 25095 21130 12822 17325 24864 13675 20279 15932 25970
 37675 26163 32354 20685 26634 21578 22067 22899 33432 32717
 41453 34742 33777 19860 28976 31730 20510 29112 27925 40593
 39685 26509 30938 18212 23958 26996 20842 27602 25269 35360
 46277 36779 35157 26653 37143 33997 29253 31675 37550 44011
 39564 33710 33155 21267 32120 28141 19989 27155 33408 36174
