50 50
 122116 125899 118448 109990 109611 127970 140295 115041 107444 131723 117765 124372 113901 118756 117639 119558 118453 110366 109161 123769 112174 102496 106419 117811 125612 109166 96710 113586 107299 120474 126926 125953 118222 99511 125532 114610 129812 124923 132806 123151 127664 121090 138162 122852 92858 132071 150382 128081   0   0
 157891 161656 147726 133622 135616 165855 165427 137952 144824 148231 130357 130102 139647 147235 149124 138638 141788 112441 133098 141065 137616 116279 129899 148880 161438 142711 115389 124785 128894 142138 151110 141629 137006 122703 159210 145394 142949 146077 167295 155802 158039 143047 156073 141111 102467 161902 189311 146444   0   0
 117018 126374 102133 94436 96337 111215 115595 104570 104216 110698 96055 98788 96485 110005 111390 107924 108423 93230 94160 109273 95456 78025 96121 105670 121209 114358 82213 101923 93318 103983 118630 103014 112602 104415 106111 117062 108329 111445 131597 114001 111810 108010 131379 117868 80795 120449 135242 108294   0   0
 148840 160769 139024 136781 123000 168574 156173 144568 137940 157280 138801 145147 151303 142983 141300 153257 135475 110488 120699 161663 131630 107391 132983 142430 158295 144390 115290 134712 130713 144201 160179 135599 143676 124528 160892 142729 140425 156780 166197 164636 154250 139127 164249 144132 125706 161368 187284 147039   0   0
 129081 121868 118794 102794 105265 126722 135430 105423 114282 127685 113574 105334 110982 120717 117705 112564 116987 102596 106149 111361 106795 88400 105408 100604 126948 108399 83816 110334 99418 114716 132767 118602 109842 94841 131386 108285 106125 113824 129975 118362 125023 118365 140104 115417 88409 121722 140158 117761   0   0
 148619 143068 133478 123575 126800 151551 149466 126570 133129 143621 124653 129088 131704 136270 135577 131053 134805 124296 118654 128029 124688 97789 110796 128935 156628 134372 100344 126513 123430 124085 146541 125780 137922 116053 147808 134733 125446 134189 154968 140270 150534 126184 160631 128987 105511 142188 162765 137180   0   0
 125649 131997 113090 116128 112234 128708 122327 105174 126160 123689 105668 108866 117816 117653 113829 112728 116798 98808 101164 127199 101835 94782 110546 116836 134028 123568 94933 107197 107659 121438 131980 110565 110036 98195 127944 106541 106239 117407 120834 123713 126825 124456 140107 123324 86496 123723 142689 117638   0   0
 124981 133074 120875 116446 106097 122774 116326 116441 119488 116249 101947 117416 121624 125198 114805 121440 118832 98565 97862 125221 104581 88852 109075 118551 131568 135850 98814 108411 104263 101709 131216 104189 121492 104719 133667 115569 107026 131845 121103 117149 119175 118705 134493 123084 86907 125502 147047 112459   0   0
 116909 112734 103040 101543 101877 115833 114420 111464 107682 105732 96316 100814 100914 106824 110429 105745 110873 90921 104287 110127 98840 83358 99800 114233 119524 113608 86940 99471 88803 108039 114308 108559 108638 92290 117567 111000 109116 117206 121642 108701 114643 104880 129035 110164 70673 126272 137010 113006   0   0
 137957 144280 128738 126736 103154 146845 148481 128200 122709 134346 127810 112702 126561 133568 131209 121227 131041 103373 109062 129827 112181 99264 110367 114503 152674 133573 92936 115470 103346 116735 140979 116511 133926 104866 143850 137095 115185 130592 137544 137076 147165 129115 143183 126712 96906 126770 155560 136551   0   0
 156050 169677 141628 139755 139218 155678 152387 134010 140588 152811 138337 142410 147237 148523 143669 147426 142685 130627 130976 154362 129879 121228 140316 141359 164023 162207 120385 140421 126817 139051 152794 136229 134047 142451 164814 138291 142209 154058 151878 137543 160510 139556 158881 155856 99306 148011 169985 159637   0   0
 139452 153803 138364 134244 136999 143739 147491 124302 136881 152295 134229 133920 138484 131684 139807 143783 144466 116289 131863 143196 132869 115259 119590 140126 144145 140362 113506 127058 115603 133844 144439 132103 133483 118531 151884 134054 139652 144135 141647 137525 147395 134814 154523 128996 94118 160110 168272 143537   0   0
 160949 136568 98981 114965 114990 116987 138672 109897 133697 104037 135615 130076 117633 119706 139731 136718 150852 137292 147563 121882 104536 140025 155928 135536 131266 143492 131970 121782 109777 142227 142361 120062 132526 143991 118318 115576 129588 119958 133376 126022 137635 106566 110184 138653 114469 104083 110607 123166   0   0
 131423 122291 83902 99661 97994 112646 117266 113218 113894 97834 124071 102707 108685 127677 123358 117491 109844 110068 129041 108437 77112 128235 142647 112956 121728 127602 108324 110216 106209 121585 122450 106514 111882 110905 101856 101124 119234 112723 113207 109197 106269 92335 101543 113056 97056 87138 107859 111384   0   0
 131587 117081 92402 115100 101099 114125 133593 119874 112128 104086 134993 115729 118926 136655 127067 122115 126801 111212 134047 124602 73515 124663 150382 121398 138220 133857 120165 99326 119202 126523 126286 113206 112706 121273 116667 111365 129755 119061 117187 119791 112291 117845 109260 121054 115219 96634 114714 108848   0   0
 125361 115704 95856 97617 103528 116203 122624 117285 117460 97840 133761 108508 123530 118517 133162 115261 127140 117556 139933 108537 84012 123131 143496 126104 121618 128549 109932 105087 109454 127679 119331 111988 111415 111073 118763 113741 119931 127299 118943 107176 115393 107323 106529 121320 110492 92942 100820 103532   0   0
 130993 122259 88974 98010 106723 99002 116291 110993 106998 82727 123677 102370 109428 117492 98970 110437 129870 111797 122980 110314 87860 117398 137725 113189 112748 128383 124562 96407 109826 130045 113203 100867 107308 121189 102592 112708 109916 104020 114441 112943 105019 106264 104630 108116 96661 96502 99641 103920   0   0
 142962 121058 102557 116762 105569 129958 144746 129282 115964 113332 132949 116699 120126 138816 135620 131972 136226 121066 149645 132630 91932 132524 158342 123019 128557 144930 132050 119129 123831 131176 136047 115730 129895 135235 117802 124553 127337 133083 130098 126567 127740 114971 114904 122814 123530 94013 117980 123986   0   0
 146015 141630 98232 124143 114309 121358 134581 121924 115012 120119 144385 122388 119034 140392 136707 131006 141673 119283 132241 133949 94281 133898 156633 137051 139593 144294 130382 130615 117495 142610 137765 121339 124216 132036 121796 128064 126436 131277 129807 127181 123930 106026 114731 128328 118291 98781 121603 131001   0   0
 126950 114798 91768 110298 92161 119764 130095 111176 116192 100996 126531 105148 120327 110108 133825 124112 132013 113355 147135 113735 84462 132339 137659 122268 117965 123777 106974 93917 111731 123298 128397 108090 118438 124371 112721 106175 123746 116069 119819 113661 113656 106702 105962 113832 96865 88404 101534 108975   0   0
 132043 127817 83595 117257 98956 108306 128760 95035 111620 104935 122198 108961 111780 119664 127736 116502 125860 116497 126391 117569 77391 127749 132989 128769 111625 130911 102711 101033 111912 133730 122577 96488 121224 124430 111345 99816 109062 113568 121496 113885 108014 101769 112531 126161 112606 100803 102474 115615   0   0
 161576 133286 105804 120257 119523 126182 141079 132447 123690 115323 144577 124869 128576 129760 151885 137023 151699 133073 148357 126678 106827 143229 167650 137317 136926 150029 140782 126927 123339 148637 150477 118352 134940 156014 112342 130770 134226 125407 129315 134247 131682 101456 115228 126131 122817 111526 124946 130114   0   0
 142462 124109 98347 119045 113146 122777 129993 133953 119749 104567 142405 121437 128985 130644 123372 127112 148012 118652 141608 129528 81728 140141 144551 131846 141839 137358 125079 107063 127575 143674 130502 118689 126923 135934 115021 122404 130894 121590 119857 121467 118791 118732 113395 122146 114562 107599 118591 120150   0   0
 129717 117770 86055 110202 101856 108624 135599 115460 110102 92780 126960 113993 121653 129894 116887 113143 117828 116517 136419 106819 83657 127968 150020 120230 120126 117918 118129 108842 108128 132632 120862 116849 115720 128304 112260 111411 114261 118101 123444 122246 117362 103075 119506 120342 111232 89716 108982 114736   0   0
 139755 138846 127692 130729 117803 139120 136163 124376 124999 128678 117985 111738 124947 133474 133839 126817 116157 109003 116105 131906 110860 97621 117815 117914 147101 130966 97398 120723 110594 131425 138299 116705 123258 113117 134752 122177 110335 134609 153102 119752 128142 121106 150327 125146 91029 135703 146891 122043   0   0
 134641 113373 106769 106309 109916 119809 116116 107545 103545 119563 112272 115592 115435 112145 110991 118987 114092 108915 105783 107067 101094 96482 106351 104626 127618 112634 83797 106502 103846 116173 126432 117640 115794 99860 123015 104586 113661 116597 119623 105078 120431 110691 135178 113532 89645 128887 146467 117024   0   0
 115722 115845 92197 106123 104462 108686 132509 105489 104211 113727 109271 111677 112289 106607 114111 102318 106624 95782 98729 117600 100574 94954 103921 97731 120556 120384 80243 105739 101268 117650 111002 109452 106684 90559 135537 98075 110596 118827 121203 105547 115718 103105 121478 115115 80558 120407 119174 114416   0   0
 117994 125415 101437 106287 115526 130223 109305 106665 122003 121167 109292 115248 110980 125434 112909 112548 115428 99168 106519 120346 106966 90560 104670 114897 126413 115971 85133 105206 100960 116636 129463 106333 114303 104461 128990 106897 115183 119696 128926 117772 126632 117924 139826 121278 89365 129923 141846 119651   0   0
 133889 139294 124682 119478 127461 145225 150066 128765 123172 141193 124366 125440 131067 132281 141011 130607 131040 113262 126476 131412 121873 112141 121521 127170 153228 136044 97989 124579 106927 123136 145919 128894 118861 110014 144351 126945 127658 142307 137014 131232 137987 135148 142920 129181 90120 131840 168421 132892   0   0
 118263 123819 100228 109830 109234 110252 115678 96233 105197 117429 105583 99191 104522 103609 112087 101995 104408 90650 94073 106276 102640 86193 101104 95279 120054 117756 75586 107200 95723 103659 115152 95562 105777 98510 117056 104267 111136 111679 112573 114956 121763 109203 116156 111575 75903 112166 127758 110826   0   0
 147540 143648 132197 121395 119927 143471 146025 118648 132526 131054 119629 119861 126932 136291 135162 137667 137088 106897 116372 131994 125131 101540 119568 135331 145875 137843 102784 124103 112421 126632 139577 126217 128463 115199 145877 123547 116489 130658 138945 130376 135142 130128 141992 129182 90273 135572 173079 135253   0   0
 125418 136772 121690 111495 111706 142466 135081 110942 119644 124012 121520 109182 130360 126568 114420 121478 116247 100203 109606 115135 109898 92651 108952 117110 134390 124667 102748 106339 90537 123148 140844 118804 118780 100118 144397 119202 112113 132863 128838 130965 138423 109520 140230 119527 80937 130129 144580 123922   0   0
 142336 143745 128211 132262 123820 136827 136132 118207 131181 143822 118348 124634 135462 126155 129572 130342 140060 114227 112767 136497 127502 105879 125660 136315 157364 123645 101182 122118 117389 126661 148555 129475 119255 120314 136999 123880 127691 138357 142937 133880 136122 126871 142100 128186 94011 143559 168071 129089   0   0
 124234 129452 127300 114207 113195 126637 134814 109779 117372 126243 102922 114971 114303 118401 108601 110566 134257 103456 100216 131159 107095 84042 109081 125502 138627 125198 97474 111242 101369 107488 141495 106190 123361 116666 127124 117254 123336 131871 130081 130217 138615 124927 143478 127419 86474 116205 150915 131185   0   0
 134065 150464 127041 108842 121692 146978 124426 120247 131068 142514 121421 124013 144970 128606 129816 137423 127703 113483 118587 130200 125518 112913 116443 130498 148063 132935 112354 118231 108309 134659 148998 123919 120307 115322 146397 134170 132405 133795 137451 132524 140471 130168 147638 127667 93212 149579 163794 137013   0   0
 128468 125195 110965 107850 105843 125829 140016 121531 116081 125760 120300 109323 118705 123132 125242 118764 120013 100530 113333 116038 107114 104575 103531 116728 129428 113324 96910 117412 96827 108529 122440 118436 116529 100509 128592 124147 114049 121044 131849 120710 136319 106201 126103 120320 80589 124629 144633 132346   0   0
 153057 136839 96135 109663 115555 123168 142572 125246 122178 112301 127570 124645 119975 135304 134458 126634 140734 120927 136247 124167 99759 131748 156328 126649 128907 138276 130931 123518 104763 142170 133998 120453 122226 129318 106698 117541 126579 115995 128649 119206 124287 100534 111533 127007 108664 99637 114984 125171   0   0
 140578 147584 93148 114765 106940 121399 126976 99007 135049 117053 139533 117859 122365 123550 133672 119633 140393 130086 147315 129004 83560 121366 140769 145267 130296 129722 116696 115101 126974 137470 136451 116519 118716 126142 121341 121257 118715 124776 131903 126057 127753 110882 113458 130556 114006 91239 105372 121092   0   0
 132650 119167 86110 108315 90677 124270 127398 104602 110568 110947 134097 112576 109718 120594 130514 115640 129001 107542 131508 113790 76222 118989 125984 125812 115824 131631 108634 104867 116083 128063 129186 93387 122928 127833 102224 108728 120191 112116 110465 111188 113662 102399 104131 110680 113175 87734 98310 113409   0   0
 122437 110636 93677 107155 91984 109681 132445 110720 101910 106026 128335 110844 101841 116353 128144 98530 117751 113640 128694 113409 77678 117173 135348 113953 115949 120480 117867 107424 110128 123071 121832 102037 120451 115863 102855 100806 102809 122137 118063 108457 118016 98987 113736 107184 116274 89424 102036 110217   0   0
 130568 127190 98903 124576 102020 107008 139982 105464 126884 106085 132792 123124 122607 128633 129858 133347 141665 123762 132943 127813 97670 125359 150679 130649 122850 137824 131759 120967 111829 133816 140933 116353 112843 144312 118505 128321 123052 123656 118721 126697 126648 106385 107330 137303 114117 96104 105664 125925   0   0
 142245 122094 90021 117192 103688 129952 127955 116606 124665 103848 136499 116740 126997 128915 132979 124021 133434 116753 139150 118350 80491 137830 150081 130330 129700 130347 115603 116414 114455 131224 135287 115375 121330 125262 114945 122422 122886 111960 125095 122343 133159 108368 110910 130492 123555 97689 103975 129044   0   0
 121087 128639 103581 112709 101650 112445 136383 101612 114868 102957 133476 119975 106141 117036 127274 119417 123362 110714 131824 118720 86100 129690 146663 120454 124096 126204 114584 106043 107264 120279 127779 102141 121519 126385 103967 116703 117675 110458 111058 124240 130238 100538 98017 123983 114514 87438 95342 127793   0   0
 127322 115320 86378 108260 101247 107458 121260 104735 117808 103712 128441 119488 111708 119559 131449 118000 127771 120894 137237 116194 82760 125829 144421 124461 135256 117148 114047 109064 110132 128185 118189 121188 110385 110417 115804 108120 109550 110785 123306 110763 123957 99191 111462 121310 105130 81863 97901 108672   0   0
 156053 135664 107664 123204 110948 136746 149946 135174 122512 108100 139553 131842 134196 143004 152360 125651 140667 120512 148264 132209 84046 143363 163243 135871 134935 141270 131315 125427 113417 142649 148130 126485 132151 134868 110861 116316 136072 134292 131665 123866 125612 107438 115828 124855 124923 113307 128542 127857   0   0
 150273 133400 102035 118791 126120 125473 142902 130649 133512 108088 148769 120365 126159 139091 135235 134812 144561 130082 152895 133190 94855 144353 156835 128741 142022 143420 129729 120829 130764 134527 146318 115824 137927 147747 124563 128328 133877 136468 132063 130283 129719 119185 118046 126199 121767 109116 126491 124605   0   0
 134574 128887 87140 115485 110122 113256 131254 123693 109103 103927 135275 125754 124010 132071 119750 119034 128495 122346 138653 135547 80863 130526 152352 127148 134710 133407 118765 115640 119396 129757 136189 117023 117821 130655 113482 116018 113393 117473 123331 117276 120454 105259 122900 122478 103987 103155 115280 115992   0   0
 128709 122936 90577 108609 103785 107060 121571 110044 115649 103081 129297 112842 113682 125422 129506 109068 119002 117643 130268 112014 80981 135395 145765 133060 128888 123361 113847 115734 114185 130378 126710 108029 113344 128368 113182 118742 113441 120799 125996 124418 115531 100406 109303 116123 111734 96717 109395 120697   0   0
